Processors	0.5	0.7	0.9	0.95
1	1	1	1	1
2	1.3333333333	1.5384615385	1.8181818182	1.9047619048
4	1.6	2.1052631579	3.0769230769	3.4782608696
8	1.7777777778	2.5806451613	4.7058823529	5.9259259259
16	1.8823529412	2.9090909091	6.4	9.1428571429
32	1.9393939394	3.1067961165	7.8048780488	12.5490196078
64	1.9692307692	3.216080402	8.7671232877	15.421686747
128	1.984496124	3.273657289	9.3430656934	17.4149659864
256	1.9922178988	3.3032258065	9.6603773585	18.6181818182
512	1.9961013645	3.3182112767	9.8272552783	19.2843691149
1024	1.9980487805	3.3257551153	9.912875121	19.6356663471
